-636789482
750676784
1996477342
1100858086
1870043558
609966351
-1968484742
-1232492213
1128937186
-1002579405
547079491
-542742166
-1379090520
-444831261
1954432095
1689308131
-1998470642
486213004
-1591835032
1669170158
-567779603
420405237
-569706153
10336175
-722154077
-1848798282
328298974
-1957479987
-646457325
972589290
-968281836
865486916
169054960
1078755875
663035991
-1699224454
839702075
285770910
-665622675
474552464
1572682249
1425969079
1063108844
1856028155
-866018423
-1984702562
2035298524
-572614318
1524461125
-734169269
228721050
-1293688984
-1450484312
-371077713
-118019330
1856403357
699925184
-1789527509
-116488256
314937201
-437538237
-1326306235
-1500283625
1067144025
1995744983
-1934706023
91224226
393273558
-286061683
-43567859
648407179
-2093562430
398240430
-1862277560
-41578007
678797548
-1157217094
467499107
126380390
1867495399
-1793272915
2128982241
544100897
-878340577
1591295620
-851740708
1035298517
-755168980
488456447
-44589439
-1553813190
-756347286
-1278178393
-448587586
-493587541
-1095334455
-197042158
751738425
-289609464
-1611481632
